4.999999999999999619e-26
3.931034482758620564e-25
7.362068965517241625e-25
1.079310344827586223e-24
1.422413793103448283e-24
1.765517241379310159e-24
2.108620689655172220e-24
2.451724137931034280e-24
2.794827586206896340e-24
3.137931034482758400e-24
3.481034482758620828e-24
3.824137931034483255e-24
4.167241379310344948e-24
4.510344827586206641e-24
4.853448275862069069e-24
5.196551724137931496e-24
5.539655172413793189e-24
5.882758620689654882e-24
6.225862068965517309e-24
6.568965517241379737e-24
6.912068965517241430e-24
7.255172413793103123e-24
7.598275862068966285e-24
7.941379310344827978e-24
8.284482758620689671e-24
8.627586206896551364e-24
8.970689655172413056e-24
9.313793103448276219e-24
9.656896551724137911e-24
9.999999999999999604e-24
