2.789632904109440744e+07
2.789632901667204499e+07
2.789632898019811139e+07
2.789632893167065457e+07
2.789632887109092623e+07
2.789632879845966026e+07
2.789632871377399564e+07
2.789632861703754961e+07
2.789632850824842229e+07
2.789632838740719855e+07
2.789632825451234728e+07
2.789632810956612602e+07
2.789632795256725326e+07
2.789632778351615369e+07
2.789632760241426900e+07
2.789632740925750881e+07
2.789632720405026153e+07
2.789632698678993434e+07
2.789632675747974217e+07
2.789632651611513644e+07
2.789632626269884780e+07
2.789632599723138288e+07
2.789632571971134096e+07
2.789632543013929203e+07
2.789632512851678953e+07
2.789632481484103575e+07
2.789632448911390454e+07
2.789632415133580938e+07
2.789632380150545388e+07
2.789632343962375447e+07
