2.458323635916392505e+07
2.458323565278890729e+07
2.458323385251407325e+07
2.458323095839929581e+07
2.458322697053641081e+07
2.458322188905470818e+07
2.458321571411995217e+07
2.458320844592796266e+07
2.458320008471304178e+07
2.458319063073882461e+07
2.458318008431849256e+07
2.458316844579818100e+07
2.458315571552935243e+07
2.458314189393070713e+07
2.458312698146242276e+07
2.458311097858171910e+07
2.458309388582354784e+07
2.458307570370223746e+07
2.458305643283168972e+07
2.458303607384320721e+07
2.458301462735851109e+07
2.458299209403539449e+07
2.458296847467837855e+07
2.458294377001120150e+07
2.458291798074159026e+07
2.458289110783495381e+07
2.458286315207664296e+07
2.458283411436359584e+07
2.458280399555982649e+07
2.458277279675209150e+07
